    0.029836    -0.004848    -0.003732    -0.001200     0.000370     0.004142    -0.000716    -0.004383    -0.002966    -0.001879     0.000089    -0.001142    -0.002826    -0.003397     0.011235    -0.000266     0.002156     0.000459     0.004707     0.002530
   -0.004848     0.093577     0.048953     0.005806    -0.027588     0.015217     0.029186     0.045334     0.045309     0.044522     0.034621     0.047881     0.040079     0.024616     0.008015    -0.038573    -0.027347     0.037233     0.036960    -0.014211
   -0.003732     0.048953     0.083368     0.004013    -0.032212     0.017086     0.027684     0.053516     0.044512     0.046108     0.042036     0.046643     0.046566     0.028514     0.012873    -0.042374    -0.032787     0.043222     0.043840    -0.013612
   -0.001200     0.005806     0.004013     0.026171     0.000020     0.002882     0.002723     0.004293     0.005388     0.003016     0.006587     0.011154     0.004322     0.002685     0.002445    -0.003373     0.000833     0.003621     0.006018     0.002440
    0.000370    -0.027588    -0.032212     0.000020     0.045196    -0.012038    -0.010623    -0.030438    -0.026948    -0.029795    -0.026493    -0.029675    -0.028067    -0.020523    -0.008777     0.031789     0.023764    -0.026440    -0.025941     0.012554
    0.004142     0.015217     0.017086     0.002882    -0.012038     0.037134     0.009557     0.021244     0.015431     0.018448     0.026191     0.021639     0.009547     0.012988     0.010549    -0.015823    -0.009266     0.016644     0.020212     0.002295
   -0.000716     0.029186     0.027684     0.002723    -0.010623     0.009557     0.040675     0.020632     0.024163     0.022558     0.022306     0.021434     0.026789     0.012720     0.006387    -0.017487    -0.014171     0.019081     0.021698    -0.007665
   -0.004383     0.045334     0.053516     0.004293    -0.030438     0.021244     0.020632     0.073107     0.041463     0.045995     0.040063     0.048636     0.040167     0.029977     0.010194    -0.042655    -0.032482     0.043195     0.042566    -0.013178
   -0.002966     0.045309     0.044512     0.005388    -0.026948     0.015431     0.024163     0.041463     0.069234     0.041985     0.038094     0.043369     0.039834     0.030087     0.011651    -0.038820    -0.025471     0.041767     0.039949    -0.010501
   -0.001879     0.044522     0.046108     0.003016    -0.029795     0.018448     0.022558     0.045995     0.041985     0.063690     0.037996     0.043043     0.040102     0.026988     0.009420    -0.035679    -0.028839     0.038762     0.037573    -0.012895
    0.000089     0.034621     0.042036     0.006587    -0.026493     0.026191     0.022306     0.040063     0.038094     0.037996     0.097338     0.048729     0.031174     0.035343     0.014261    -0.035465    -0.023632     0.041010     0.039213    -0.004710
   -0.001142     0.047881     0.046643     0.011154    -0.029675     0.021639     0.021434     0.048636     0.043369     0.043043     0.048729     0.073336     0.039203     0.032467     0.014952    -0.033569    -0.027835     0.047437     0.046564    -0.011079
   -0.002826     0.040079     0.046566     0.004322    -0.028067     0.009547     0.026789     0.040167     0.039834     0.040102     0.031174     0.039203     0.077990     0.016966     0.007493    -0.035542    -0.027027     0.040629     0.036378    -0.016959
   -0.003397     0.024616     0.028514     0.002685    -0.020523     0.012988     0.012720     0.029977     0.030087     0.026988     0.035343     0.032467     0.016966     0.073135     0.012515    -0.021550    -0.019689     0.025153     0.030044    -0.003258
    0.011235     0.008015     0.012873     0.002445    -0.008777     0.010549     0.006387     0.010194     0.011651     0.009420     0.014261     0.014952     0.007493     0.012515     0.034151    -0.008979    -0.007090     0.013941     0.018394     0.001107
   -0.000266    -0.038573    -0.042374    -0.003373     0.031789    -0.015823    -0.017487    -0.042655    -0.038820    -0.035679    -0.035465    -0.033569    -0.035542    -0.021550    -0.008979     0.079294     0.032239    -0.033228    -0.033299     0.013401
    0.002156    -0.027347    -0.032787     0.000833     0.023764    -0.009266    -0.014171    -0.032482    -0.025471    -0.028839    -0.023632    -0.027835    -0.027027    -0.019689    -0.007090     0.032239     0.041622    -0.024211    -0.025199     0.014097
    0.000459     0.037233     0.043222     0.003621    -0.026440     0.016644     0.019081     0.043195     0.041767     0.038762     0.041010     0.047437     0.040629     0.025153     0.013941    -0.033228    -0.024211     0.067665     0.036385    -0.012632
    0.004707     0.036960     0.043840     0.006018    -0.025941     0.020212     0.021698     0.042566     0.039949     0.037573     0.039213     0.046564     0.036378     0.030044     0.018394    -0.033299    -0.025199     0.036385     0.068237    -0.007971
    0.002530    -0.014211    -0.013612     0.002440     0.012554     0.002295    -0.007665    -0.013178    -0.010501    -0.012895    -0.004710    -0.011079    -0.016959    -0.003258     0.001107     0.013401     0.014097    -0.012632    -0.007971     0.030291
